-0, 0, 0, 1.79268e+35, -3.77433e+35
-2.84118e-07, 5, 17, 1.79268e+35, -3.77433e+35
-2.42619e-07, 10, 21, 1.79269e+35, -3.77433e+35
-3.37617e-07, 15, 25, 1.79269e+35, -3.77434e+35
-1.6355e-07, 20, 29, 1.7927e+35, -3.77434e+35
-1.34313e-07, 25, 32, 1.7927e+35, -3.77435e+35
-7.69411e-08, 30, 48, 1.79271e+35, -3.77436e+35
-2.43947e-07, 35, 68, 1.79272e+35, -3.77437e+35
-2.7748e-07, 40, 84, 1.79273e+35, -3.77438e+35
-7.15857e-08, 45, 88, 1.79275e+35, -3.77439e+35
-1.47056e-07, 50, 92, 1.79276e+35, -3.77441e+35
-1.35885e-07, 55, 100, 1.79278e+35, -3.77442e+35
-1.63072e-07, 60, 115, 1.79279e+35, -3.77444e+35
-1.76977e-07, 65, 128, 1.79281e+35, -3.77446e+35
-2.29682e-07, 70, 140, 1.79284e+35, -3.77448e+35
-2.03428e-07, 75, 148, 1.79286e+35, -3.7745e+35
-2.37339e-07, 80, 159, 1.79288e+35, -3.77453e+35
-2.26754e-07, 85, 170, 1.79291e+35, -3.77455e+35
-1.20582e-07, 90, 182, 1.79294e+35, -3.77458e+35
-2.11864e-07, 95, 196, 1.79297e+35, -3.77461e+35
-2.46279e-07, 100, 200, 1.793e+35, -3.77464e+35
-1.78562e-07, 105, 204, 1.79303e+35, -3.77468e+35
-1.28304e-07, 110, 208, 1.79307e+35, -3.77471e+35
-2.0745e-08, 115, 212, 1.7931e+35, -3.77475e+35
-1.53586e-07, 120, 216, 1.79314e+35, -3.77479e+35
-2.01868e-07, 125, 220, 1.79318e+35, -3.77483e+35
-1.99555e-07, 130, 224, 1.79322e+35, -3.77487e+35
6.44677e-08, 135, 228, 1.79327e+35, -3.77491e+35
-2.17418e-07, 140, 232, 1.79331e+35, -3.77496e+35
-1.78983e-08, 145, 236, 1.79336e+35, -3.77501e+35
-2.28715e-07, 150, 242, 1.79341e+35, -3.77506e+35
-1.63965e-07, 155, 246, 1.79346e+35, -3.77511e+35
-1.45299e-08, 160, 250, 1.79351e+35, -3.77516e+35
-1.21996e-07, 165, 254, 1.79357e+35, -3.77522e+35
-7.25487e-08, 170, 260, 1.79363e+35, -3.77527e+35
6.0071e-09, 175, 264, 1.79369e+35, -3.77533e+35
-1.9536e-07, 180, 267, 1.79375e+35, -3.77539e+35
-1.82008e-07, 185, 271, 1.79381e+35, -3.77546e+35
-6.82862e-08, 190, 275, 1.79388e+35, -3.77552e+35
-2.21709e-07, 195, 279, 1.79394e+35, -3.77559e+35
1.80627e-08, 200, 283, 1.79401e+35, -3.77566e+35
-2.12414e-07, 205, 287, 1.79408e+35, -3.77573e+35
-3.05787e-07, 210, 291, 1.79416e+35, -3.7758e+35
-1.31042e-07, 215, 295, 1.79423e+35, -3.77588e+35
-9.09538e-08, 220, 299, 1.79431e+35, -3.77596e+35
-5.97142e-08, 225, 303, 1.79439e+35, -3.77603e+35
-1.45379e-07, 230, 308, 1.79447e+35, -3.77612e+35
-2.57069e-07, 235, 316, 1.79455e+35, -3.7762e+35
-3.38108e-07, 240, 324, 1.79464e+35, -3.77628e+35
-2.07832e-07, 245, 336, 1.79472e+35, -3.77637e+35
-1.2915e-07, 250, 340, 1.79481e+35, -3.77645e+35
-2.7411e-07, 255, 349, 1.7949e+35, -3.77654e+35
-1.43283e-07, 260, 364, 1.79499e+35, -3.77663e+35
-3.56438e-07, 265, 377, 1.79508e+35, -3.77672e+35
-3.75147e-07, 270, 391, 1.79517e+35, -3.77681e+35
-4.21698e-07, 275, 397, 1.79526e+35, -3.77691e+35
-2.56872e-07, 280, 412, 1.79535e+35, -3.777e+35
-4.65169e-07, 285, 417, 1.79544e+35, -3.77709e+35
-1.6428e-07, 290, 421, 1.79554e+35, -3.77718e+35
-4.6703e-07, 295, 425, 1.79563e+35, -3.77727e+35
-3.58503e-07, 300, 429, 1.79572e+35, -3.77736e+35
-2.55428e-07, 305, 436, 1.79581e+35, -3.77745e+35
-2.09151e-07, 310, 460, 1.79589e+35, -3.77754e+35
-2.84302e-07, 315, 480, 1.79598e+35, -3.77762e+35
-1.72104e-07, 320, 509, 1.79606e+35, -3.77771e+35
-4.44066e-07, 325, 520, 1.79614e+35, -3.77779e+35
-3.73265e-07, 330, 527, 1.79622e+35, -3.77786e+35
-9.37644e-08, 335, 532, 1.79629e+35, -3.77794e+35
-2.21976e-07, 340, 536, 1.79636e+35, -3.778e+35
-2.15173e-07, 345, 540, 1.79642e+35, -3.77807e+35
-2.92176e-07, 350, 546, 1.79648e+35, -3.77813e+35
-2.06807e-07, 355, 550, 1.79653e+35, -3.77818e+35
-2.37037e-07, 360, 554, 1.79658e+35, -3.77823e+35
-2.0534e-07, 365, 558, 1.79662e+35, -3.77827e+35
-2.50764e-07, 370, 562, 1.79666e+35, -3.7783e+35
-2.62194e-07, 375, 566, 1.79669e+35, -3.77833e+35
-2.50377e-07, 380, 570, 1.79671e+35, -3.77836e+35
-3.28819e-07, 385, 574, 1.79673e+35, -3.77837e+35
-1.54454e-07, 390, 578, 1.79674e+35, -3.77838e+35
-3.27959e-07, 395, 582, 1.79674e+35, -3.77839e+35
-4.13052e-07, 400, 585, 1.79674e+35, -3.77838e+35
-2.71025e-07, 405, 589, 1.79673e+35, -3.77837e+35
-4.28478e-07, 410, 593, 1.79672e+35, -3.77836e+35
-2.81625e-07, 415, 597, 1.7967e+35, -3.77834e+35
-3.4411e-07, 420, 601, 1.79667e+35, -3.77832e+35
-1.97989e-07, 425, 605, 1.79664e+35, -3.77829e+35
-3.78767e-07, 430, 638, 1.79661e+35, -3.77825e+35
-1.54138e-07, 435, 664, 1.79657e+35, -3.77822e+35
-3.3185e-07, 440, 688, 1.79653e+35, -3.77817e+35
-1.93919e-07, 445, 704, 1.79648e+35, -3.77813e+35
-2.9279e-07, 450, 720, 1.79644e+35, -3.77808e+35
-3.10551e-07, 455, 730, 1.79639e+35, -3.77803e+35
-3.78358e-07, 460, 748, 1.79634e+35, -3.77798e+35
-3.55319e-07, 465, 777, 1.79629e+35, -3.77793e+35
-3.21057e-07, 470, 792, 1.79623e+35, -3.77788e+35
-2.0101e-07, 475, 808, 1.79618e+35, -3.77783e+35
-2.07857e-07, 480, 827, 1.79613e+35, -3.77777e+35
-3.32021e-07, 485, 845, 1.79607e+35, -3.77772e+35
-3.18905e-07, 490, 856, 1.79602e+35, -3.77766e+35
-3.87559e-07, 495, 880, 1.79597e+35, -3.77761e+35
-2.63652e-07, 500, 888, 1.79591e+35, -3.77756e+35
-2.4366e-07, 505, 892, 1.79586e+35, -3.77751e+35
-3.00151e-07, 510, 896, 1.79581e+35, -3.77746e+35
-3.35181e-07, 515, 900, 1.79576e+35, -3.77741e+35
-2.03136e-07, 520, 904, 1.79571e+35, -3.77736e+35
-4.36778e-07, 525, 908, 1.79567e+35, -3.77731e+35
-4.01597e-07, 530, 921, 1.79562e+35, -3.77727e+35
-9.51565e-08, 535, 924, 1.79558e+35, -3.77722e+35
-2.07632e-07, 540, 928, 1.79553e+35, -3.77718e+35
-1.68126e-07, 545, 934, 1.79549e+35, -3.77714e+35
-2.82699e-07, 550, 938, 1.79546e+35, -3.7771e+35
-1.44965e-07, 555, 942, 1.79542e+35, -3.77706e+35
-1.71929e-07, 560, 946, 1.79538e+35, -3.77703e+35
-2.70407e-07, 565, 951, 1.79535e+35, -3.777e+35
-2.30295e-07, 570, 954, 1.79532e+35, -3.77697e+35
-3.39516e-07, 575, 958, 1.79529e+35, -3.77694e+35
-3.39711e-07, 580, 962, 1.79526e+35, -3.77691e+35
-2.75998e-07, 585, 966, 1.79524e+35, -3.77688e+35
-1.8795e-07, 590, 970, 1.79521e+35, -3.77686e+35
-3.7788e-07, 595, 974, 1.79519e+35, -3.77684e+35
-3.47326e-07, 600, 978, 1.79517e+35, -3.77682e+35
-3.99213e-07, 605, 982, 1.79515e+35, -3.7768e+35
-1.45653e-07, 610, 986, 1.79514e+35, -3.77678e+35
-3.10457e-07, 615, 989, 1.79512e+35, -3.77677e+35
-5.14782e-08, 620, 993, 1.79511e+35, -3.77675e+35
-1.79408e-07, 625, 996, 1.7951e+35, -3.77674e+35
-8.55889e-08, 630, 1000, 1.79509e+35, -3.77673e+35
-3.06461e-07, 635, 1006, 1.79508e+35, -3.77672e+35
-2.19874e-07, 640, 1010, 1.79507e+35, -3.77672e+35
-2.68219e-07, 645, 1014, 1.79507e+35, -3.77671e+35
-2.39244e-07, 650, 1017, 1.79506e+35, -3.77671e+35
-2.34752e-07, 655, 1021, 1.79506e+35, -3.77671e+35
-1.70052e-07, 660, 1025, 1.79506e+35, -3.77671e+35
-2.10983e-07, 665, 1029, 1.79506e+35, -3.77671e+35
-1.39339e-07, 670, 1033, 1.79507e+35, -3.77671e+35
-1.4395e-07, 675, 1037, 1.79507e+35, -3.77672e+35
-2.83535e-07, 680, 1041, 1.79508e+35, -3.77672e+35
-4.12052e-07, 685, 1044, 1.79508e+35, -3.77673e+35
-2.9769e-07, 690, 1047, 1.79509e+35, -3.77674e+35
-1.43986e-07, 695, 1051, 1.7951e+35, -3.77675e+35
-1.21731e-07, 700, 1055, 1.79512e+35, -3.77676e+35
-1.02907e-07, 705, 1059, 1.79513e+35, -3.77677e+35
-1.87716e-07, 710, 1063, 1.79514e+35, -3.77679e+35
-8.43122e-08, 715, 1067, 1.79516e+35, -3.7768e+35
-3.62443e-08, 720, 1071, 1.79518e+35, -3.77682e+35
-8.90746e-08, 725, 1076, 1.79519e+35, -3.77684e+35
-1.46438e-07, 730, 1079, 1.79521e+35, -3.77686e+35
-7.46582e-08, 735, 1083, 1.79523e+35, -3.77688e+35
-1.57096e-07, 740, 1086, 1.79526e+35, -3.7769e+35
-8.60875e-08, 745, 1090, 1.79528e+35, -3.77693e+35
-5.96923e-08, 750, 1093, 1.79531e+35, -3.77695e+35
-2.8778e-08, 755, 1097, 1.79533e+35, -3.77698e+35
5.10674e-08, 760, 1100, 1.79536e+35, -3.77701e+35
-3.23055e-08, 765, 1104, 1.79539e+35, -3.77703e+35
-9.08933e-08, 770, 1107, 1.79542e+35, -3.77706e+35
-1.71761e-07, 775, 1111, 1.79545e+35, -3.7771e+35
1.10951e-09, 780, 1114, 1.79548e+35, -3.77713e+35
-6.5256e-08, 785, 1117, 1.79552e+35, -3.77716e+35
-4.84599e-08, 790, 1121, 1.79555e+35, -3.7772e+35
-2.10145e-07, 795, 1124, 1.79559e+35, -3.77723e+35
-1.59664e-07, 800, 1127, 1.79563e+35, -3.77727e+35
-1.4263e-07, 805, 1131, 1.79567e+35, -3.77731e+35
-7.72231e-08, 810, 1134, 1.79571e+35, -3.77735e+35
2.54388e-08, 815, 1137, 1.79575e+35, -3.77739e+35
-5.37972e-08, 820, 1141, 1.79579e+35, -3.77744e+35
1.49487e-08, 825, 1144, 1.79584e+35, -3.77748e+35
-7.90261e-08, 830, 1147, 1.79588e+35, -3.77753e+35
5.05399e-08, 835, 1151, 1.79593e+35, -3.77758e+35
-8.09625e-08, 840, 1155, 1.79598e+35, -3.77762e+35
6.78531e-08, 845, 1159, 1.79603e+35, -3.77767e+35
-7.20393e-08, 850, 1163, 1.79608e+35, -3.77773e+35
2.23168e-08, 855, 1167, 1.79613e+35, -3.77778e+35
-1.10283e-07, 860, 1170, 1.79619e+35, -3.77783e+35
-3.31221e-08, 865, 1174, 1.79624e+35, -3.77789e+35
-2.01613e-07, 870, 1178, 1.7963e+35, -3.77794e+35
9.05728e-08, 875, 1181, 1.79636e+35, -3.778e+35
-5.14803e-10, 880, 1184, 1.79642e+35, -3.77806e+35
-5.00535e-08, 885, 1188, 1.79648e+35, -3.77813e+35
-1.51748e-07, 890, 1191, 1.79654e+35, -3.77819e+35
6.53201e-08, 895, 1195, 1.79661e+35, -3.77825e+35
-7.59294e-08, 900, 1198, 1.79667e+35, -3.77832e+35
1.55357e-08, 905, 1202, 1.79674e+35, -3.77839e+35
-2.96323e-08, 910, 1205, 1.79681e+35, -3.77846e+35
-1.05608e-07, 915, 1209, 1.79688e+35, -3.77853e+35
-2.0967e-08, 920, 1212, 1.79696e+35, -3.7786e+35
-3.34998e-09, 925, 1215, 1.79703e+35, -3.77868e+35
-5.1322e-08, 930, 1219, 1.79711e+35, -3.77875e+35
1.99503e-09, 935, 1223, 1.79718e+35, -3.77883e+35
-1.75232e-07, 940, 1227, 1.79726e+35, -3.77891e+35
-8.94104e-08, 945, 1231, 1.79735e+35, -3.77899e+35
2.22569e-10, 950, 1235, 1.79743e+35, -3.77907e+35
-6.91044e-08, 955, 1239, 1.79751e+35, -3.77916e+35
-2.98046e-07, 960, 1243, 1.7976e+35, -3.77925e+35
-1.43863e-07, 965, 1247, 1.79769e+35, -3.77933e+35
-3.1862e-07, 970, 1251, 1.79778e+35, -3.77942e+35
-2.03176e-07, 975, 1255, 1.79787e+35, -3.77951e+35
-4.95807e-07, 980, 1259, 1.79796e+35, -3.77961e+35
-3.07488e-07, 985, 1263, 1.79806e+35, -3.7797e+35
-3.7705e-07, 990, 1267, 1.79815e+35, -3.7798e+35
-4.10112e-07, 995, 1271, 1.79825e+35, -3.7799e+35
-4.37769e-07, 1000, 1275, 1.79835e+35, -3.78e+35
-2.8464e-07, 1005, 1278, 1.79845e+35, -3.7801e+35
-2.14834e-07, 1010, 1282, 1.79855e+35, -3.7802e+35
-1.63383e-07, 1015, 1286, 1.79865e+35, -3.7803e+35
-1.83626e-07, 1020, 1291, 1.79876e+35, -3.7804e+35
-3.02509e-07, 1025, 1295, 1.79886e+35, -3.78051e+35
-1.09842e-07, 1030, 1299, 1.79896e+35, -3.78061e+35
-4.42762e-08, 1035, 1303, 1.79907e+35, -3.78072e+35
-5.27015e-08, 1040, 1306, 1.79917e+35, -3.78082e+35
5.24052e-08, 1045, 1309, 1.79928e+35, -3.78092e+35
-2.48798e-08, 1050, 1313, 1.79938e+35, -3.78103e+35
1.60677e-08, 1055, 1317, 1.79948e+35, -3.78113e+35
-2.2745e-08, 1060, 1320, 1.79959e+35, -3.78123e+35
3.23577e-08, 1065, 1323, 1.79969e+35, -3.78133e+35
6.3699e-08, 1070, 1327, 1.79978e+35, -3.78143e+35
1.69403e-07, 1075, 1330, 1.79988e+35, -3.78153e+35
4.18863e-08, 1080, 1334, 1.79997e+35, -3.78162e+35
1.5974e-07, 1085, 1337, 1.80006e+35, -3.78171e+35
1.15731e-07, 1090, 1341, 1.80015e+35, -3.7818e+35
2.59982e-07, 1095, 1344, 1.80023e+35, -3.78188e+35
1.09084e-07, 1100, 1347, 1.80031e+35, -3.78196e+35
1.97465e-07, 1105, 1351, 1.80038e+35, -3.78203e+35
1.66911e-07, 1110, 1354, 1.80045e+35, -3.7821e+35
1.10056e-07, 1115, 1358, 1.80051e+35, -3.78216e+35
1.74847e-07, 1120, 1361, 1.80057e+35, -3.78221e+35
1.93249e-07, 1125, 1365, 1.80062e+35, -3.78226e+35
2.2882e-07, 1130, 1368, 1.80066e+35, -3.78231e+35
2.96125e-07, 1135, 1372, 1.8007e+35, -3.78234e+35
1.28283e-07, 1140, 1375, 1.80073e+35, -3.78237e+35
3.00184e-07, 1145, 1378, 1.80075e+35, -3.7824e+35
3.61117e-07, 1150, 1382, 1.80077e+35, -3.78241e+35
2.75623e-07, 1155, 1385, 1.80078e+35, -3.78242e+35
3.76564e-07, 1160, 1389, 1.80078e+35, -3.78243e+35
2.74201e-07, 1165, 1392, 1.80078e+35, -3.78242e+35
3.17693e-07, 1170, 1396, 1.80077e+35, -3.78242e+35
3.26745e-07, 1175, 1401, 1.80076e+35, -3.7824e+35
1.35025e-07, 1180, 1405, 1.80074e+35, -3.78238e+35
3.21844e-07, 1185, 1408, 1.80071e+35, -3.78236e+35
1.3787e-07, 1190, 1412, 1.80068e+35, -3.78233e+35
2.35051e-07, 1195, 1415, 1.80065e+35, -3.7823e+35
1.68334e-07, 1200, 1418, 1.80061e+35, -3.78226e+35
1.97591e-07, 1205, 1422, 1.80057e+35, -3.78222e+35
9.29361e-08, 1210, 1425, 1.80053e+35, -3.78218e+35
3.25301e-07, 1215, 1429, 1.80048e+35, -3.78213e+35
1.29167e-07, 1220, 1432, 1.80044e+35, -3.78208e+35
2.33376e-07, 1225, 1436, 1.80039e+35, -3.78204e+35
1.59537e-08, 1230, 1439, 1.80034e+35, -3.78199e+35
2.83776e-07, 1235, 1443, 1.80029e+35, -3.78194e+35
2.4221e-07, 1240, 1446, 1.80024e+35, -3.78188e+35
3.95481e-07, 1245, 1450, 1.80019e+35, -3.78183e+35
1.65203e-07, 1250, 1455, 1.80014e+35, -3.78178e+35
3.46862e-07, 1255, 1458, 1.80008e+35, -3.78173e+35
3.18733e-07, 1260, 1462, 1.80003e+35, -3.78168e+35
4.94935e-07, 1265, 1465, 1.79998e+35, -3.78163e+35
4.13661e-07, 1270, 1470, 1.79993e+35, -3.78158e+35
3.55408e-07, 1275, 1474, 1.79989e+35, -3.78153e+35
3.48984e-07, 1280, 1477, 1.79984e+35, -3.78149e+35
2.84901e-07, 1285, 1481, 1.79979e+35, -3.78144e+35
2.94168e-07, 1290, 1484, 1.79975e+35, -3.7814e+35
2.66588e-07, 1295, 1488, 1.79971e+35, -3.78135e+35
2.60696e-07, 1300, 1491, 1.79966e+35, -3.78131e+35
2.32495e-07, 1305, 1495, 1.79962e+35, -3.78127e+35
2.47028e-07, 1310, 1498, 1.79959e+35, -3.78123e+35
3.04825e-07, 1315, 1502, 1.79955e+35, -3.7812e+35
2.76018e-07, 1320, 1506, 1.79951e+35, -3.78116e+35
4.53047e-07, 1325, 1509, 1.79948e+35, -3.78113e+35
5.23428e-07, 1330, 1513, 1.79945e+35, -3.7811e+35
2.81662e-07, 1335, 1516, 1.79942e+35, -3.78107e+35
3.68809e-07, 1340, 1520, 1.79939e+35, -3.78104e+35
3.79213e-07, 1345, 1524, 1.79937e+35, -3.78101e+35
4.88851e-07, 1350, 1527, 1.79934e+35, -3.78099e+35
4.15333e-07, 1355, 1531, 1.79932e+35, -3.78096e+35
4.74078e-07, 1360, 1534, 1.7993e+35, -3.78094e+35
3.37724e-07, 1365, 1538, 1.79928e+35, -3.78092e+35
5.20327e-07, 1370, 1541, 1.79926e+35, -3.78091e+35
6.03565e-07, 1375, 1545, 1.79924e+35, -3.78089e+35
5.26837e-07, 1380, 1549, 1.79923e+35, -3.78088e+35
4.20715e-07, 1385, 1553, 1.79922e+35, -3.78086e+35
4.37094e-07, 1390, 1557, 1.7992e+35, -3.78085e+35
4.94586e-07, 1395, 1561, 1.79919e+35, -3.78084e+35
5.2402e-07, 1400, 1565, 1.79919e+35, -3.78083e+35
5.57678e-07, 1405, 1569, 1.79918e+35, -3.78083e+35
5.52941e-07, 1410, 1572, 1.79917e+35, -3.78082e+35
5.98569e-07, 1415, 1576, 1.79917e+35, -3.78082e+35
5.58387e-07, 1420, 1580, 1.79917e+35, -3.78081e+35
5.17083e-07, 1425, 1584, 1.79917e+35, -3.78081e+35
4.249e-07, 1430, 1588, 1.79917e+35, -3.78081e+35
4.7215e-07, 1435, 1591, 1.79917e+35, -3.78082e+35
4.76786e-07, 1440, 1595, 1.79917e+35, -3.78082e+35
4.53309e-07, 1445, 1599, 1.79918e+35, -3.78083e+35
5.52658e-07, 1450, 1603, 1.79918e+35, -3.78083e+35
4.50329e-07, 1455, 1606, 1.79919e+35, -3.78084e+35
6.54022e-07, 1460, 1610, 1.7992e+35, -3.78085e+35
5.27811e-07, 1465, 1613, 1.79921e+35, -3.78086e+35
7.37692e-07, 1470, 1617, 1.79922e+35, -3.78087e+35
4.99494e-07, 1475, 1621, 1.79924e+35, -3.78088e+35
4.88628e-07, 1480, 1624, 1.79925e+35, -3.7809e+35
5.19717e-07, 1485, 1628, 1.79927e+35, -3.78091e+35
5.40507e-07, 1490, 1631, 1.79928e+35, -3.78093e+35
5.32088e-07, 1495, 1634, 1.7993e+35, -3.78095e+35
5.15228e-07, 1500, 1638, 1.79932e+35, -3.78097e+35
5.57931e-07, 1505, 1641, 1.79934e+35, -3.78099e+35
7.17608e-07, 1510, 1644, 1.79936e+35, -3.78101e+35
6.83713e-07, 1515, 1648, 1.79939e+35, -3.78103e+35
5.01031e-07, 1520, 1651, 1.79941e+35, -3.78106e+35
5.75293e-07, 1525, 1654, 1.79944e+35, -3.78108e+35
5.10336e-07, 1530, 1657, 1.79947e+35, -3.78111e+35
6.73134e-07, 1535, 1661, 1.79949e+35, -3.78114e+35
6.55706e-07, 1540, 1664, 1.79952e+35, -3.78117e+35
7.7172e-07, 1545, 1667, 1.79955e+35, -3.7812e+35
6.55069e-07, 1550, 1671, 1.79959e+35, -3.78123e+35
7.36931e-07, 1555, 1674, 1.79962e+35, -3.78127e+35
5.96065e-07, 1560, 1677, 1.79966e+35, -3.7813e+35
4.62911e-07, 1565, 1681, 1.79969e+35, -3.78134e+35
6.61873e-07, 1570, 1684, 1.79973e+35, -3.78138e+35
6.11103e-07, 1575, 1687, 1.79977e+35, -3.78142e+35
7.44932e-07, 1580, 1690, 1.79981e+35, -3.78146e+35
6.5851e-07, 1585, 1694, 1.79985e+35, -3.7815e+35
4.62319e-07, 1590, 1697, 1.79989e+35, -3.78154e+35
7.93343e-07, 1595, 1700, 1.79994e+35, -3.78159e+35
7.14616e-07, 1600, 1704, 1.79999e+35, -3.78163e+35
7.85433e-07, 1605, 1707, 1.80003e+35, -3.78168e+35
5.18969e-07, 1610, 1710, 1.80008e+35, -3.78173e+35
4.51817e-07, 1615, 1714, 1.80013e+35, -3.78178e+35
6.16177e-07, 1620, 1717, 1.80019e+35, -3.78183e+35
6.97037e-07, 1625, 1721, 1.80024e+35, -3.78189e+35
6.65571e-07, 1630, 1725, 1.80029e+35