0,0,0
6.93899e+10,0,7.70975e+09
1.08859e+11,0,4.16293e+09
1.51873e+11,0,4.16261e+09
2.49094e+11,0,7.2624e+09
8.16508e+11,0,4.56029e+09
1.51313e+12,0,2.45626e+10
3.00575e+12,0,5.35151e+10
4.53722e+12,0,5.70194e+10
6.99154e+12,0,2.13753e+12
-
1.51873e+11,0,4.16261e+09
1.51873e+11,0,4.16261e+09
1.51873e+11,0,4.16261e+09
1.51873e+11,0,4.16261e+09
1.51873e+11,0,4.16261e+09
-
0,0,0
6.93899e+10,0,7.70975e+09
1.08859e+11,0,4.16293e+09
1.51873e+11,0,4.16261e+09
2.49094e+11,0,7.2624e+09
8.16508e+11,0,4.56029e+09
1.51313e+12,0,2.45626e+10
3.00575e+12,0,5.35151e+10
4.53722e+12,0,5.70194e+10
6.99154e+12,0,2.13753e+12
-
1.51873e+11,0,4.16261e+09
1.51873e+11,0,4.16261e+09
1.51873e+11,0,4.16261e+09
1.51873e+11,0,4.16261e+09
1.51873e+11,0,4.16261e+09
-
128503,-1.51942e+07,1683.76
5.60406e+10,3.62763e+10,6.22651e+09
1.03319e+11,3.41776e+10,3.95105e+09
1.49008e+11,2.91155e+10,4.08409e+09
2.48027e+11,2.19286e+10,7.23128e+09
8.16409e+11,1.24184e+10,4.55973e+09
1.5131e+12,9.08471e+09,2.45621e+10
3.00575e+12,6.47028e+09,5.3515e+10
4.53722e+12,5.36938e+09,5.70194e+10
6.99154e+12,3.68773e+09,2.13753e+12
-
1.51873e+11,0,4.16261e+09
1.51873e+11,0,4.16261e+09
1.51873e+11,0,4.16261e+09
1.51873e+11,0,4.16261e+09
1.51873e+11,0,4.16261e+09
-
511872,-3.03708e+07,6623.35
1.88146e+10,5.62231e+10,2.09034e+09
8.72518e+10,6.48699e+10,3.33659e+09
1.40516e+11,5.71307e+10,3.85134e+09
2.44831e+11,4.36688e+10,7.13809e+09
8.1611e+11,2.48338e+10,4.55807e+09
1.51301e+12,1.81691e+10,2.45607e+10
3.00572e+12,1.29405e+10,5.35146e+10
4.53722e+12,1.07388e+10,5.70194e+10
6.99154e+12,7.37546e+09,2.13753e+12
-
1.51873e+11,0,4.16261e+09
1.51873e+11,0,4.16261e+09
1.51873e+11,0,4.16261e+09
1.51873e+11,0,4.16261e+09
1.51873e+11,0,4.16261e+09
-
1.1428e+06,-4.55129e+07,14377.6
-2.78233e+10,4.10237e+10,-3.09157e+09
6.22695e+10,8.89278e+10,2.3812e+09
1.26704e+11,8.29808e+10,3.47275e+09
2.39528e+11,6.50325e+10,6.98343e+09
8.15613e+11,3.72431e+10,4.5553e+09
1.51286e+12,2.72528e+10,2.45583e+10
3.00568e+12,1.94107e+10,5.35139e+10
4.53722e+12,1.61081e+10,5.70192e+10
6.99154e+12,1.10632e+10,2.13753e+12
-
1.51873e+11,0,4.16261e+09
1.51873e+11,0,4.16261e+09
1.51873e+11,0,4.16261e+09
1.51873e+11,0,4.16261e+09
1.51873e+11,0,4.16261e+09
-
2.00699e+06,-6.06077e+07,23943.7
-4.44828e+10,-1.17346e+10,-4.94259e+09
3.08973e+10,1.03849e+11,1.18145e+09
1.08074e+11,1.05672e+11,2.96211e+09
2.32149e+11,8.58322e+10,6.76826e+09
8.14917e+11,4.96433e+10,4.55142e+09
1.51266e+12,3.63354e+10,2.4555e+10
3.00563e+12,2.58808e+10,5.3513e+10
4.53722e+12,2.14775e+10,5.70188e+10
6.99154e+12,1.47509e+10,2.13753e+12
-
1.51873e+11,0,4.16261e+09
1.51873e+11,0,4.16261e+09
1.51873e+11,0,4.16261e+09
1.51873e+11,0,4.16261e+09
1.51873e+11,0,4.16261e+09
-
3.09081e+06,-7.56539e+07,34567.9
-9.97287e+09,-5.25191e+10,-1.1083e+09
-3.66121e+09,1.0804e+11,-1.40159e+08
8.53099e+10,1.24318e+11,2.33816e+09
2.22743e+11,1.05881e+11,6.49397e+09
8.14022e+11,6.20314e+10,4.54643e+09
1.5124e+12,4.54166e+10,2.45507e+10
3.00557e+12,3.23508e+10,5.35118e+10
4.53717e+12,2.68468e+10,5.70184e+10
6.99154e+12,1.84387e+10,2.13753e+12
-
1.51873e+11,0,4.16261e+09
1.51873e+11,0,4.16261e+09
1.51873e+11,0,4.16261e+09
1.51873e+11,0,4.16261e+09
1.51873e+11,0,4.16261e+09
-
4.38936e+06,-9.06499e+07,46573.5
3.60554e+10,-5.15008e+10,4.00569e+09
-3.78348e+10,1.00996e+11,-1.44704e+09
5.92599e+10,1.38168e+11,1.62414e+09
2.11371e+11,1.24994e+11,6.16234e+09
8.12929e+11,7.44043e+10,4.54033e+09
1.51208e+12,5.44961e+10,2.45455e+10
3.00549e+12,3.88205e+10,5.35103e+10
4.53712e+12,3.2216e+10,5.7018e+10
6.99154e+12,2.21265e+10,2.13753e+12
-
1.51873e+11,0,4.16261e+09
1.51873e+11,0,4.16261e+09
1.51873e+11,0,4.16261e+09
1.51873e+11,0,4.16261e+09
1.51873e+11,0,4.16261e+09
-
5.89551e+06,-1.0559e+08,60081.2
6.45399e+10,-2.28876e+10,7.17036e+09
-6.80474e+10,8.33813e+10,-2.60246e+09
3.09088e+10,1.46645e+11,8.47043e+08
1.98109e+11,1.42988e+11,5.7756e+09
8.11637e+11,8.67591e+10,4.53313e+09
1.5117e+12,6.35736e+10,2.45393e+10
3.00539e+12,4.52901e+10,5.35087e+10
4.53707e+12,3.75851e+10,5.70176e+10
6.99154e+12,2.58144e+10,2.13753e+12
-
1.51873e+11,0,4.16261e+09
1.51873e+11,0,4.16261e+09
1.51873e+11,0,4.16261e+09
1.51873e+11,0,4.16261e+09
1.51873e+11,0,4.16261e+09
-
7.59925e+06,-1.20472e+08,74852.5
6.72419e+10,1.52445e+10,7.47033e+09
-9.11004e+10,5.69886e+10,-3.48407e+09
1.34777e+09,1.49366e+11,3.67812e+07
1.83048e+11,1.59682e+11,5.33642e+09
8.10148e+11,9.90926e+10,4.52483e+09
1.51126e+12,7.26485e+10,2.45322e+10
3.00528e+12,5.17595e+10,5.35067e+10
4.53702e+12,4.29542e+10,5.7017e+10
6.99154e+12,2.95022e+10,2.13753e+12
-
1.51873e+11,0,4.16261e+09
1.51873e+11,0,4.16261e+09
1.51873e+11,0,4.16261e+09
1.51873e+11,0,4.16261e+09
1.51873e+11,0,4.16261e+09
-
9.49081e+06,-1.35296e+08,90568.1
4.36376e+10,4.71056e+10,4.84745e+09
-1.04529e+11,2.4566e+10,-3.99765e+09
-2.82642e+10,1.46169e+11,-7.74881e+08
1.66297e+11,1.74899e+11,4.84795e+09
8.08461e+11,1.11402e+11,4.51542e+09
1.51077e+12,8.17208e+10,2.45242e+10
3.00515e+12,5.82287e+10,5.35045e+10
4.53696e+12,4.83232e+10,5.70162e+10
6.99154e+12,3.319e+10,2.13753e+12
-
1.51873e+11,0,4.16261e+09
1.51873e+11,0,4.16261e+09
1.51873e+11,0,4.16261e+09
1.51873e+11,0,4.16261e+09
1.51873e+11,0,4.16261e+09
-
1.15617e+07,-1.50064e+08,106882
-2.53267e+08,5.52552e+10,-2.94163e+07
-1.06888e+11,-1.04713e+10,-4.0879e+09
-5.67439e+10,1.37124e+11,-1.55551e+09
1.47981e+11,1.88467e+11,4.31384e+09
8.06577e+11,1.23684e+11,4.50491e+09
1.51022e+12,9.07898e+10,2.45152e+10
3.00502e+12,6.46975e+10,5.3502e+10
4.53691e+12,5.36922e+10,5.70154e+10
6.99154e+12,3.68777e+10,2.13752e+12
-
1.51873e+11,0,4.16261e+09
1.51873e+11,0,4.16261e+09
1.51873e+11,0,4.16261e+09
1.51873e+11,0,4.16261e+09
1.51873e+11,0,4.16261e+09
-
1.38035e+07,-1.64781e+08,123237
-4.08437e+10,2.2632e+10,-4.53952e+09
-9.79227e+10,-4.44155e+10,-3.74509e+09
-8.2932e+10,1.22541e+11,-2.27334e+09
1.28242e+11,2.00219e+11,3.73823e+09
8.04495e+11,1.35936e+11,4.49331e+09
1.50961e+12,9.98555e+10,2.45052e+10
3.00486e+12,7.1166e+10,5.34992e+10
4.53686e+12,5.90613e+10,5.70145e+10
6.99154e+12,4.05654e+10,2.1375e+12
-
1.51873e+11,0,4.16261e+09
1.51873e+11,0,4.16261e+09
1.51873e+11,0,4.16261e+09
1.51873e+11,0,4.16261e+09
1.51873e+11,0,4.16261e+09
-
1.62077e+07,-1.79457e+08,138838
-3.51944e+10,-3.28241e+10,-3.91199e+09
-7.85983e+10,-7.36811e+10,-3.00614e+09
-1.05743e+11,1.02966e+11,-2.89861e+09
1.07241e+11,2.09998e+11,3.12584e+09
8.02217e+11,1.48155e+11,4.48061e+09
1.50894e+12,1.08917e+11,2.44943e+10
3.00469e+12,7.76344e+10,5.34962e+10
4.53681e+12,6.44303e+10,5.70137e+10
6.99149e+12,4.4253e+10,2.13749e+12
-
1.51873e+11,0,4.16261e+09
1.51873e+11,0,4.16261e+09
1.51873e+11,0,4.16261e+09
1.51873e+11,0,4.16261e+09
1.51873e+11,0,4.16261e+09
-
1.8777e+07,-1.94108e+08,153924
9.36701e+09,-5.68115e+10,1.03894e+09
-5.0987e+10,-9.52027e+10,-1.9503e+09
-1.24218e+11,7.91632e+10,-3.40503e+09
8.51599e+10,2.17655e+11,2.48193e+09
7.99744e+11,1.60337e+11,4.46681e+09
1.50821e+12,1.17975e+11,2.44825e+10
3.00451e+12,8.4102e+10,5.34929e+10
4.53671e+12,6.9799e+10,5.70128e+10
6.99144e+12,4.79406e+10,2.13748e+12
-
1.51873e+11,0,4.16261e+09
1.51873e+11,0,4.16261e+09
1.51873e+11,0,4.16261e+09
1.51873e+11,0,4.16261e+09
1.51873e+11,0,4.16261e+09
-
2.15229e+07,-2.08741e+08,169484
5.02856e+10,-4.23959e+10,5.58503e+09
-1.80245e+10,-1.06764e+11,-6.89844e+08
-1.37568e+11,5.20889e+10,-3.77099e+09
6.21972e+10,2.23054e+11,1.81234e+09
7.97074e+11,1.7248e+11,4.45193e+09
1.50743e+12,1.27028e+11,2.44697e+10
3.00431e+12,9.05696e+10,5.34894e+10
4.53661e+12,7.51681e+10,5.70115e+10
6.99139e+12,5.16282e+10,2.13746e+12
-
1.51873e+11,0,4.16261e+09
1.51873e+11,0,4.16261e+09
1.51873e+11,0,4.16261e+09
1.51873e+11,0,4.16261e+09
1.51873e+11,0,4.16261e+09
-
2.44546e+07,-2.23355e+08,186138
6.88684e+10,-8.00869e+09,7.64935e+09
1.68226e+10,-1.07222e+11,6.42673e+08
-1.45219e+11,2.2849e+10,-3.98073e+09
3.85737e+10,2.26075e+11,1.12347e+09
7.9421e+11,1.84581e+11,4.43596e+09
1.50658e+12,1.36076e+11,2.4456e+10
3.0041e+12,9.70364e+10,5.34856e+10
4.5365e+12,8.05364e+10,5.70103e+10
6.99134e+12,5.53159e+10,2.13745e+12
-
1.51873e+11,0,4.16261e+09
1.51873e+11,0,4.16261e+09
1.51873e+11,0,4.16261e+09
1.51873e+11,0,4.16261e+09
1.51873e+11,0,4.16261e+09
-
2.75799e+07,-2.37948e+08,204271
6.08493e+10,2.95124e+10,6.75795e+09
4.99345e+10,-9.66005e+10,1.90881e+09
-1.46837e+11,-7.34874e+09,-4.02515e+09
1.45291e+10,2.26615e+11,4.2233e+08
7.91152e+11,1.96636e+11,4.41891e+09
1.50568e+12,1.45119e+11,2.44413e+10
3.00386e+12,1.03503e+11,5.34815e+10
4.5364e+12,8.59046e+10,5.70091e+10
6.99128e+12,5.90035e+10,2.13744e+12
-
1.51873e+11,0,4.16261e+09
1.51873e+11,0,4.16261e+09
1.51873e+11,0,4.16261e+09
1.51873e+11,0,4.16261e+09
1.51873e+11,0,4.16261e+09
-
3.09061e+07,-2.52516e+08,224160
2.78311e+10,5.41954e+10,3.08894e+09
7.79135e+10,-7.60603e+10,2.97865e+09
-1.42354e+11,-3.72511e+10,-3.90232e+09
-9.67765e+09,2.24593e+11,-2.83535e+08
7.879e+11,2.08644e+11,4.40077e+09
1.50472e+12,1.54157e+11,2.44257e+10
3.00363e+12,1.09969e+11,5.34772e+10
4.53629e+12,9.12728e+10,5.70078e+10
6.99123e+12,6.26911e+10,2.13742e+12
-
1.51873e+11,0,4.16261e+09
1.51873e+11,0,4.16261e+09
1.51873e+11,0,4.16261e+09
1.51873e+11,0,4.16261e+09
1.51873e+11,0,4.16261e+09
-
3.4438e+07,-2.67051e+08,245879
-1.9191e+10,4.74435e+10,-2.13597e+09
9.79209e+10,-4.77567e+10,3.74363e+09
-1.31962e+11,-6.56189e+10,-3.61757e+09
-3.37698e+10,2.19957e+11,-9.86058e+08
7.84455e+11,2.206e+11,4.38156e+09
1.50371e+12,1.63188e+11,2.44091e+10
3.00336e+12,1.16434e+11,5.34726e+10
4.53619e+12,9.6641e+10,5.70065e+10
6.99118e+12,6.63788e+10,2.13741e+12
-
1.51873e+11,0,4.16261e+09
1.51873e+11,0,4.16261e+09
1.51873e+11,0,4.16261e+09
1.51873e+11,0,4.16261e+09
1.51873e+11,0,4.16261e+09
-
3.81756e+07,-2.81545e+08,269013
-4.56811e+10,-2.13414e+08,-5.07953e+09
1.07944e+11,-1.46074e+10,4.12679e+09
-1.16113e+11,-9.12854e+10,-3.18322e+09
-5.74551e+10,2.12681e+11,-1.67671e+09
7.80817e+11,2.32502e+11,4.36128e+09
1.50263e+12,1.72214e+11,2.43916e+10
3.00309e+12,1.22899e+11,5.34677e+10
4.53608e+12,1.02009e+11,5.70048e+10
6.99113e+12,7.00662e+10,2.1374e+12
-
1.51873e+11,0,4.16261e+09
1.51873e+11,0,4.16261e+09
1.51873e+11,0,4.16261e+09
1.51873e+11,0,4.16261e+09
1.51873e+11,0,4.16261e+09
-
4.2117e+07,-2.95996e+08,293104
-1.9286e+10,-4.79405e+10,-2.14711e+09
1.06982e+11,2.00011e+10,4.08981e+09
-9.5485e+10,-1.1321e+11,-2.61791e+09
-8.04288e+10,2.02776e+11,-2.34661e+09
7.76988e+11,2.44347e+11,4.33993e+09
1.5015e+12,1.81233e+11,2.43732e+10
3.00281e+12,1.29364e+11,5.34626e+10
4.53598e+12,1.07377e+11,5.70032e+10
6.99107e+12,7.37535e+10,2.13739e+12
-
1.51873e+11,0,4.16261e+09
1.51873e+11,0,4.16261e+09
1.51873e+11,0,4.16261e+09
1.51873e+11,0,4.16261e+09
1.51873e+11,0,4.16261e+09
-
4.62691e+07,-3.10403e+08,318798
2.77486e+10,-5.47848e+10,3.07842e+09
9.513e+10,5.25422e+10,3.63641e+09
-7.09527e+10,-1.30521e+11,-1.94559e+09
-1.02377e+11,1.90288e+11,-2.98662e+09
7.72969e+11,2.56132e+11,4.31751e+09
1.50031e+12,1.90244e+11,2.43538e+10
3.0025e+12,1.35827e+11,5.34573e+10
4.53583e+12,1.12745e+11,5.70016e+10
6.99102e+12,7.74407e+10,2.13737e+12
-
1.51873e+11,0,4.16261e+09
1.51873e+11,0,4.16261e+09
1.51873e+11,0,4.16261e+09
1.51873e+11,0,4.16261e+09
1.51873e+11,0,4.16261e+09
-
5.06368e+07,-3.24754e+08,346702
6.08245e+10,-3.01501e+10,6.75292e+09
7.35762e+10,7.96882e+10,2.81198e+09
-4.35412e+10,-1.42556e+11,-1.19436e+09
-1.22985e+11,1.75308e+11,-3.58752e+09
7.68759e+11,2.67853e+11,4.29404e+09
1.49906e+12,1.99249e+11,2.43335e+10
3.00219e+12,1.42291e+11,5.34516e+10
4.53568e+12,1.18113e+11,5.69999e+10
6.99097e+12,8.11279e+10,2.13736e+12
-
1.51873e+11,0,4.16261e+09
1.51873e+11,0,4.16261e+09
1.51873e+11,0,4.16261e+09
1.51873e+11,0,4.16261e+09
1.51873e+11,0,4.16261e+09
-
5.52193e+07,-3.39039e+08,376902
6.89115e+10,7.36086e+09,7.65088e+09
4.44918e+10,9.86349e+10,1.69958e+09
-1.43765e+10,-1.48878e+11,-3.95083e+08
-1.41937e+11,1.57969e+11,-4.14018e+09
7.64361e+11,2.79509e+11,4.26951e+09
1.49776e+12,2.08246e+11,2.43122e+10
3.00185e+12,1.48752e+11,5.34457e+10
4.53552e+12,1.2348e+11,5.69982e+10
6.99092e+12,8.48151e+10,2.13735e+12
-
1.51873e+11,0,4.16261e+09
1.51873e+11,0,4.16261e+09
1.51873e+11,0,4.16261e+09
1.51873e+11,0,4.16261e+09
1.51873e+11,0,4.16261e+09
-
6.00119e+07,-3.53247e+08,409242
5.03947e+10,4.17731e+10,5.59291e+09
1.08341e+10,1.07386e+11,4.12288e+08
1.53644e+10,-1.49289e+11,4.19981e+08
-1.58933e+11,1.3845e+11,-4.63577e+09
7.59774e+11,2.91096e+11,4.24394e+09
1.49639e+12,2.17235e+11,2.429e+10
3.00151e+12,1.55214e+11,5.34396e+10
4.53536e+12,1.28847e+11,5.69961e+10
6.99086e+12,8.85023e+10,2.13733e+12
-
1.51873e+11,0,4.16261e+09
1.51873e+11,0,4.16261e+09
1.51873e+11,0,4.16261e+09
1.51873e+11,0,4.16261e+09
1.51873e+11,0,4.16261e+09
-
6.50081e+07,-3.67371e+08,443408
9.52286e+09,5.62562e+10,1.05113e+09
-2.39362e+10,1.04971e+11,-9.17542e+08
4.45042e+10,-1.4383e+11,1.21856e+09
-1.73689e+11,1.16978e+11,-5.06602e+09
7.55001e+11,3.02611e+11,4.21732e+09
1.49497e+12,2.26215e+11,2.42669e+10
3.00115e+12,1.61675e+11,5.34331e+10
4.5352e+12,1.34215e+11,5.69941e+10
6.99081e+12,9.21895e+10,2.13732e+12
-
1.51873e+11,0,4.16261e+09
1.51873e+11,0,4.16261e+09
1.51873e+11,0,4.16261e+09
1.51873e+11,0,4.16261e+09
1.51873e+11,0,4.16261e+09
-
7.01983e+07,-3.81404e+08,478806
-3.50644e+10,3.23711e+10,-3.90337e+09
-5.61989e+10,9.15691e+10,-2.15147e+09
7.19107e+10,-1.32768e+11,1.96963e+09
-1.85947e+11,9.38202e+10,-5.42349e+09
7.50041e+11,3.14052e+11,4.18966e+09
1.49349e+12,2.35187e+11,2.42428e+10
3.00078e+12,1.68135e+11,5.34265e+10
4.53505e+12,1.39582e+11,5.6992e+10
6.99076e+12,9.58768e+10,2.13731e+12
-
1.51873e+11,0,4.16261e+09
1.51873e+11,0,4.16261e+09
1.51873e+11,0,4.16261e+09
1.51873e+11,0,4.16261e+09
1.51873e+11,0,4.16261e+09
-
7.55692e+07,-3.95346e+08,514411
-4.08373e+10,-2.30678e+10,-4.54518e+09
-8.25541e+10,6.85206e+10,-3.15948e+09
9.65384e+10,-1.16582e+11,2.64452e+09
-1.95488e+11,6.92879e+10,-5.70173e+09
7.44896e+11,3.25415e+11,4.16097e+09
1.49196e+12,2.4415e+11,2.42178e+10
3.00038e+12,1.74594e+11,5.34195e+10
4.53489e+12,1.44949e+11,5.699e+10
6.99071e+12,9.9564e+10,2.13729e+12
-
1.51873e+11,0,4.16261e+09
1.51873e+11,0,4.16261e+09
1.51873e+11,0,4.16261e+09
1.51873e+11,0,4.16261e+09
1.51873e+11,0,4.16261e+09
-
8.11141e+07,-4.09208e+08,549884
-2.97205e+08,-5.57895e+10,-4.13115e+07
-1.00194e+11,3.82071e+10,-3.83421e+09
1.17463e+11,-9.5933e+10,3.21791e+09
-2.02137e+11,4.37257e+10,-5.89561e+09
7.39568e+11,3.36697e+11,4.13125e+09
1.49036e+12,2.53104e+11,2.41918e+10
2.99998e+12,1.81053e+11,5.34123e+10
4.53473e+12,1.50315e+11,5.69878e+10
6.99065e+12,1.03251e+11,2.13727e+12
-
1.51873e+11,0,4.16261e+09
1.51873e+11,0,4.16261e+09
1.51873e+11,0,4.16261e+09
1.51873e+11,0,4.16261e+09
1.51873e+11,0,4.16261e+09
-
8.68368e+07,-4.22995e+08,585894
4.36323e+10,-4.77165e+10,4.839e+09
-1.07225e+11,3.80954e+09,-4.1032e+09
1.33911e+11,-7.16393e+10,3.66859e+09
-2.05767e+11,1.75052e+10,-6.00149e+09
7.34057e+11,3.47896e+11,4.10052e+09
1.48871e+12,2.62047e+11,2.41649e+10
2.99956e+12,1.8751e+11,5.34048e+10
4.53454e+12,1.55681e+11,5.69854e+10
6.9906e+12,1.06938e+11,2.13724e+12
-
1.51873e+11,0,4.16261e+09
1.51873e+11,0,4.16261e+09
1.51873e+11,0,4.16261e+09
1.51873e+11,0,4.16261e+09
1.51873e+11,0,4.16261e+09
-
9.274e+07,-4.36708e+08,622851
6.73021e+10,-1.58871e+10,7.4682e+09
-1.02887e+11,-3.10362e+10,-3.93744e+09
1.45281e+11,-4.46423e+10,3.9801e+09
-2.06309e+11,-8.98393e+09,-6.01734e+09
7.28364e+11,3.59009e+11,4.06877e+09
1.487e+12,2.70981e+11,2.41371e+10
2.99913e+12,1.93967e+11,5.33971e+10
4.53434e+12,1.61047e+11,5.69829e+10
6.99055e+12,1.10626e+11,2.13721e+12
-
1.51873e+11,0,4.16261e+09
1.51873e+11,0,4.16261e+09
1.51873e+11,0,4.16261e+09
1.51873e+11,0,4.16261e+09
1.51873e+11,0,4.16261e+09
-
9.88259e+07,-4.50346e+08,660937
6.46701e+10,2.22498e+10,7.17499e+09
-8.76469e+10,-6.26437e+10,-3.35479e+09
1.51163e+11,-1.59733e+10,4.14115e+09
-2.03753e+11,-3.53448e+10,-5.94285e+09
7.22491e+11,3.70033e+11,4.03602e+09
1.48524e+12,2.79905e+11,2.41083e+10
2.99868e+12,2.00422e+11,5.33891e+10
4.53413e+12,1.66412e+11,5.69804e+10
6.9905e+12,1.14313e+11,2.13719e+12
-
1.51873e+11,0,4.16261e+09
1.51873e+11,0,4.16261e+09
1.51873e+11,0,4.16261e+09
1.51873e+11,0,4.16261e+09
1.51873e+11,0,4.16261e+09
-
1.05098e+08,-4.63911e+08,700308
3.62487e+10,5.09057e+10,4.01636e+09
-6.31429e+10,-8.76878e+10,-2.41788e+09
1.51343e+11,1.32818e+10,4.14594e+09
-1.98146e+11,-6.1184e+10,-5.77944e+09
7.16439e+11,3.80965e+11,4.00227e+09
1.48341e+12,2.88817e+11,2.40787e+10
2.99821e+12,2.06877e+11,5.33809e+10
4.53392e+12,1.71778e+11,5.6978e+10
6.99044e+12,1.18e+11,2.13716e+12
-
1.51873e+11